2/个
5/斤
0.8
1.5
1
0.5
0.5
0.5
2
12
10
8
8
8
8
6
4
3
3.8
6
5
6
4
4
4
0.4
1
0.5
1
0.35
0.4
0.8
3.5/笼
3.5/份
3.5/份
3.5/笼
1
2
5
1.5
2
2
1
1
3
2
2.5

5
6
3
5
4.5
5
4.5
4.5
4
4.5
5
5
6
4
5
5
4.5
5
5
6
4.5
5
5
4.5
3.5
4
10
12
10
12
11
12
18
7
9
8
8
8
9
9
10
9
9
9
8
1.2
19
12
11
8
9
9
14
12
12
13
13
8
15
16
19
3.5
8
9
9
7
8
6
7
7
6.5
6.5
6
7
6
6
6
8
5
6
7
10
10
10
11
10
10
9
9
9
7
7
7
4元25个
3.5
1
2
1.5
2
1
1.5/2个
1.5
1.8
1.5
2
2
1
1
2
3
1
1
1.5/2个
5元/15个
5元/17个
6
6
6
6
6
6
5
7
6
7
6
6
7
6
5
5
7
6
5
6
6
3
2
2
3
4
3
5
2.2
1
2.5
1
1
1
1
2
2
1.5
2
2
1
1
2.5
1
2
5
1.8
2/3个
2/4个
1
0.5
3
3
1.5
6
1
2.5
2
5.5
7
10
6
7
8
9
10
8
10
11
11
12
10
8
9
12
16
9
9
10
9
8
1.5
2
2.5
3
4
5
1
0.8
1.5
4
9
5
5
4
2
0.5
0.35
0.6
1
0.5
0.5
0.6
0.6
1.5
2.5
1.5
2.5
1.5
2
1.5
1
7
3
3.5
3.5
5
2
4.5
3.5
4
2
13
12
12
12
10
10
10
9
8
8
0.5
0.5
2
1.5
1.5

4.5
4
5
5.5
0.8
1.5
5
2
1.5
5
5
3
8
7
7
6
6
6
6
6
5
3
9
9
10
10
10
18
3
5
6
7
7
2.5
1.5
1.5
0.8
0.8
0.6
0.6
3.5
3.5
3.5
3.5
3.5
3.5
3.5
3.5
3.5
3.5
3.5
3.5
3.5
3.5
3.5
3.5
3.5
3.5
3.5
3.5
1
3.5
1
2.5
2.5
2.5
2.5
2.5
2.5
2.5
9
5
5
4
6
6
8
6
8
2.1
2.4
2.4
2.1
2.1
2.4
3.5
2.4
4
2.1
2.2
2.1
4
8
11
11
11
9
15
9
10
11
10
10
10
